Top 20 words for 3+ Stars ratings.

. 7431 [1504, 2611, 3316]
, 6147 [1292, 2208, 2647]
! 3655 [463, 1204, 1988]
's 3551 [760, 1310, 1481]
n't 3208 [814, 1118, 1276]
good 3013 [786, 1267, 960]
place 2871 [572, 1049, 1250]
great 2740 [413, 973, 1354]
food 2452 [614, 955, 883]
) 2369 [510, 870, 989]
( 2254 [506, 831, 917]
like 2038 [520, 740, 778]
get 2004 [448, 713, 843]
one 1921 [442, 696, 783]
go 1797 [386, 631, 780]
time 1771 [403, 594, 774]
would 1713 [492, 609, 612]
service 1705 [392, 610, 703]
also 1656 [324, 605, 727]
really 1596 [386, 603, 607]

Top 20 words for 2- Stars ratings.

. 2248 [1231, 1017]
, 1856 [976, 880]
n't 1303 [691, 612]
's 1031 [504, 527]
food 891 [441, 450]
place 842 [451, 391]
would 772 [437, 335]
like 760 [385, 375]
get 735 [365, 370]
one 732 [400, 332]
! 727 [438, 289]
service 696 [371, 325]
( 670 [349, 321]
back 667 [394, 273]
good 664 [276, 388]
) 662 [342, 320]
time 639 [359, 280]
go 608 [318, 290]
even 584 [345, 239]
'' 542 [312, 230]

Time taken to completion of the metric: 330.780605058 in processor time
