Top 20 words for 3+ Stars ratings.

. 74280 [12648, 26242, 35390]
, 59806 [10783, 21549, 27474]
! 38032 [3799, 12392, 21841]
's 30781 [6100, 11536, 13145]
n't 29526 [6581, 10823, 12122]
great 28938 [3451, 10546, 14941]
good 28665 [6468, 12219, 9978]
place 28494 [4901, 10555, 13038]
food 26138 [5386, 10136, 10616]
) 21851 [4072, 8391, 9388]
( 20158 [3975, 7852, 8331]
service 19908 [3606, 6794, 9508]
like 19759 [4361, 7681, 7717]
get 18518 [3594, 6839, 8085]
time 18087 [3215, 6281, 8591]
one 17694 [3367, 6648, 7679]
go 17304 [3331, 6234, 7739]
back 15747 [2939, 5676, 7132]
would 15578 [3754, 5692, 6132]
really 15155 [3210, 6053, 5892]

Top 20 words for 2- Stars ratings.

. 21504 [12608, 8896]
, 17268 [9834, 7434]
n't 12349 [7147, 5202]
's 8729 [4714, 4015]
would 7627 [4663, 2964]
! 7597 [5044, 2553]
place 7477 [4209, 3268]
food 7456 [3655, 3801]
like 6958 [3748, 3210]
one 6922 [4099, 2823]
get 6767 [4019, 2748]
service 6641 [3892, 2749]
back 6590 [4105, 2485]
time 6432 [3895, 2537]
( 6221 [3407, 2814]
) 6160 [3359, 2801]
good 6091 [2667, 3424]
go 5874 [3586, 2288]
'' 5244 [3248, 1996]
... 5218 [2942, 2276]

Time taken to completion of the metric: 3122.42692919 in processor time
